2 1.9700033590197563e-05
4 1.4099990949034691e-05
6 1.3800046872347593e-05
8 2.8099981136620045e-05
10 3.5400036722421646e-05
12 2.829998265951872e-05
14 4.499999340623617e-05
16 3.850000211969018e-05
18 5.1200040616095066e-05
20 6.370001938194036e-05
22 7.449998520314693e-05
24 0.00014299998292699456
26 9.04000480659306e-05
28 0.00012319994857534766
30 0.0001233000075444579
32 0.00022789998911321163
34 0.0001469000126235187
36 0.00016440002946183085
38 0.00017929996829479933
40 0.00022159999934956431
42 0.00024009996559470892
44 0.00023900001542642713
46 0.000332399969920516
48 0.00027739995857700706
50 0.00029689999064430594
52 0.0003397000255063176
54 0.0003530000103637576
56 0.00046359997941181064
58 0.0007669000187888741
60 0.0007658999529667199
62 0.0005098999827168882
64 0.0006436999537982047
66 0.0005321999778971076
68 0.0005793999880552292
70 0.0006413999944925308
72 0.0006122000049799681
74 0.0006556999869644642
76 0.0006887000054121017
78 0.0007595999632030725
80 0.0007669999613426626
82 0.0008025999995879829
84 0.0008231999818235636
86 0.0008705999935045838
88 0.0009008000488393009
90 0.0009330000029876828
92 0.001278800016734749
94 0.0011434999760240316
96 0.0011006999993696809
98 0.0011496000224724412
100 0.0011829999857582152
102 0.0012722000246867537
104 0.0013196999789215624
106 0.0013856000150553882
108 0.001427199982572347
110 0.001386999967508018
112 0.0014674000558443367
114 0.001573899993672967
116 0.0015739999944344163
118 0.0016175999771803617
120 0.0016847000224515796
122 0.0017346999957226217
124 0.0017646999913267791
126 0.0018551999819464982
128 0.0019215000211261213
130 0.002278600004501641
132 0.002117500000167638
134 0.0021122999605722725
136 0.0021908999769948423
138 0.00255279999691993
140 0.002315299992915243
142 0.002832600031979382
144 0.0023867000127211213
146 0.002450999978464097
148 0.0025342999724671245
150 0.002592500008177012
152 0.0027502000448293984
154 0.00283290003426373
156 0.0029545999714173377
158 0.0032088999869301915
160 0.0029501999961212277
162 0.003168800030834973
164 0.0031373999663628638
166 0.003285699989646673
168 0.0032857999904081225
170 0.003385899995919317
172 0.0035453999880701303
174 0.003995699982624501
176 0.003842800040729344
178 0.003730199998244643
180 0.003873299981933087
182 0.0039783999673090875
184 0.003954899962991476
186 0.004150599997956306
188 0.004146200022660196
190 0.0042761999648064375
192 0.00430839997716248
194 0.004514200030826032
196 0.0045563000021502376
198 0.004616499994881451
200 0.004898500046692789
202 0.004830599995329976
204 0.004902899963781238
206 0.005090899998322129
208 0.005061500007286668
210 0.005142899986822158
212 0.005419799999799579
214 0.005340999981854111
216 0.006306399998720735
218 0.005545299965888262
220 0.005627800012007356
222 0.006003999966196716
224 0.00587009999435395
226 0.005979299952741712
228 0.006179699965287
230 0.006157799973152578
232 0.0066430000006221235
234 0.006367299996782094
236 0.006637900019995868
238 0.006603799993172288
240 0.006727999949362129
242 0.006872099998872727
244 0.010619400010909885
246 0.009481100016273558
248 0.010744100029114634
250 0.0074480000184848905
252 0.007382000039797276
254 0.007566399988718331
256 0.007685099961236119
258 0.007985599979292601
260 0.007877099968027323
262 0.007998300017789006
264 0.008235100016463548
266 0.008415899996180087
268 0.008497599977999926
270 0.008698799996636808
272 0.009180900000501424
274 0.008862199960276484
276 0.009165399998892099
278 0.009138899971731007
280 0.009221599961165339
282 0.009442800015676767
284 0.009517400001641363
286 0.010010800033342093
288 0.009813699987716973
290 0.010013599996455014
292 0.01016519998665899
294 0.01039650000166148
296 0.010472399997524917
298 0.010586699994746596
300 0.011142800038214773
302 0.010906000039540231
304 0.011195900035090744
306 0.011915000039152801
308 0.011647699982859194
310 0.011800399981439114
312 0.012210600019898266
314 0.011770600045565516
316 0.012016099994070828
318 0.012258399976417422
320 0.012410799972712994
322 0.0145893000299111
324 0.012898899964056909
326 0.012922000023536384
328 0.01333149999845773
330 0.013275399978738278
332 0.013527600036468357
334 0.01357589999679476
336 0.013956300041172653
338 0.013995899993460625
340 0.01417729997774586
342 0.014358599961269647
344 0.01497159997234121
346 0.014796199975535274
348 0.014858099981211126
350 0.015352699963841587
352 0.01619980001123622
354 0.01570489996811375
356 0.015760500042233616
358 0.025174800015520304
360 0.02041629998711869
362 0.016223000013269484
364 0.01706189999822527
366 0.016778900055214763
368 0.01694519998272881
370 0.017126799968536943
372 0.017443199991248548
374 0.017539000022225082
376 0.01749340002425015
378 0.01776439999230206
380 0.0183421999681741
382 0.01860589999705553
384 0.018559700052719563
386 0.019008700037375093
388 0.019422900048084557
390 0.022266400046646595
392 0.01976160000776872
394 0.01960880000842735
396 0.019717500021215528
398 0.02019590005511418
400 0.020110799989197403
402 0.020448600000236183
404 0.02321349998237565
406 0.020820499979890883
408 0.021195099980104715
410 0.021076700009871274
412 0.02153509994968772
414 0.02186100004473701
416 0.022224800020921975
418 0.022331900021526963
420 0.022143599984701723
422 0.023250300029758364
424 0.023676800017710775
426 0.022893500048667192
428 0.02327910001622513
430 0.023578900028951466
432 0.02404350001597777
434 0.024030999979004264
436 0.024466100032441318
438 0.024404399970080703
440 0.02473850001115352
442 0.024838200013618916
444 0.025890500051900744
446 0.025650100025814027
448 0.026586599997244775
450 0.025948400027118623
452 0.026985600008629262
454 0.027195900038350374
456 0.026683200034312904
458 0.02679020003415644
460 0.027275699947495013
462 0.027576599968597293
464 0.02762160002021119
466 0.029315899999346584
468 0.02877750003244728
470 0.02848949999315664
472 0.029073699959553778
474 0.02933140000095591
476 0.03107669996097684
478 0.02952219999860972
480 0.03139679995365441
482 0.029656200029421598
484 0.0305549000040628
486 0.030351299967151135
488 0.03120279998984188
490 0.03172100003575906
492 0.030914800008758903
494 0.03154940000968054
496 0.032424400036688894
498 0.03187850001268089
500 0.0321121999877505
502 0.03221999999368563
504 0.03245749999769032
506 0.03290940000442788
508 0.03298090002499521
510 0.04122799995820969
512 0.034226999967359006
514 0.03426530002616346
516 0.03395439998712391
518 0.03469629999017343
520 0.03571530000772327
522 0.03482689999509603
524 0.03499000001465902
526 0.03518420003820211
528 0.03615430003264919
530 0.03562169999349862
532 0.035636199987493455
534 0.03721700003370643
536 0.03645970002980903
538 0.03684319998137653
540 0.036983000056352466
542 0.03731450001941994
544 0.03756799997063354
546 0.03848370001651347
548 0.03787330002523959
550 0.03879920003237203
552 0.03840619995025918
554 0.03838270000414923
556 0.0389257000060752
558 0.038929800037294626
560 0.03941799997119233
562 0.039343199983704835
564 0.04115649999585003
566 0.04111859999829903
568 0.04077950003556907
570 0.040616100013721734
572 0.04121990001294762
574 0.04148900002473965
576 0.04162470001028851
578 0.047300899983383715
580 0.04263799998443574
582 0.042882900044787675
584 0.04306170000927523
586 0.04313509998610243
588 0.04373999999370426
590 0.04390930000226945
592 0.04431060003116727
594 0.04444360005436465
596 0.045062399993184954
598 0.04591019998770207
600 0.04544109996641055
602 0.04606620001140982
604 0.048101099964696914
606 0.04635169997345656
608 0.0469120999914594
610 0.047582700033672154
612 0.047413999971468
614 0.04793269996298477
616 0.04825470002833754
618 0.04897699999855831
620 0.04899829998612404
622 0.05038470000727102
624 0.05006670003058389
626 0.050176599994301796
628 0.05044240003917366
630 0.05127050000010058
632 0.05129420000594109
634 0.053218100045342
636 0.05257300002267584
638 0.05320940003730357
640 0.05291670002043247
642 0.05349950003437698
644 0.053747400001157075
646 0.05417040002066642
648 0.054503099992871284
650 0.054889900027774274
652 0.05566520005231723
654 0.05623690003994852
656 0.05630510003538802
658 0.056302999961189926
660 0.0569097000407055
662 0.057413000031374395
664 0.05735089996596798
666 0.05812929995590821
668 0.058623499993700534
670 0.058479700004681945
672 0.05929430003743619
674 0.06852299999445677
676 0.05956069997046143
678 0.060328799998387694
680 0.06603620003443211
682 0.06681570003274828
684 0.061774600006174296
686 0.06220049998955801
688 0.061939199978951365
690 0.06349420000333339
692 0.06331540003884584
694 0.06300929997814819
696 0.06393740000203252
698 0.06520089996047318
700 0.06619389995466918
702 0.06558979995315894
704 0.07228249998297542
706 0.06593879999127239
708 0.06572529999539256
710 0.06641899998066947
712 0.06671049998840317
714 0.06706989998929203
716 0.06851020001340657
718 0.06726749998051673
720 0.06761520000873134
722 0.06890909996582195
724 0.06845580000663176
726 0.0690459999605082
728 0.06991269998252392
730 0.06957380002131686
732 0.07032689999323338
734 0.07154480001190677
736 0.07088489999296144
738 0.07152389996917918
740 0.07197150000138208
742 0.0721987999859266
744 0.07263499998953193
746 0.07302619999973103
748 0.07309020002139732
750 0.07450729998527095
752 0.07431699999142438
754 0.07440019998466596
756 0.07524129998637363
758 0.07571900001494214
760 0.07657979999203235
762 0.07776379998540506
764 0.07734060002258047
766 0.07720920001156628
768 0.07866860000649467
770 0.07882869994500652
772 0.07878089998848736
774 0.08091899997089058
776 0.07977979996940121
778 0.07953440002165735
780 0.08005599997704849
782 0.08129080000799149
784 0.08166409999830648
786 0.08147819997975603
788 0.08376259997021407
790 0.08294510003179312
792 0.08335899998201057
794 0.08321609999984503
796 0.08593719999771565
798 0.08552070002770051
800 0.08531230001244694
802 0.08605859999079257
804 0.0883400000166148
806 0.08545060001779348
808 0.08603469998342916
810 0.0866393000469543
812 0.0891399000538513
814 0.08648330002324656
816 0.08736740000313148
818 0.09484259999589995
820 0.09023500001057982
822 0.10173940000822768
824 0.08902429998852313
826 0.09063360001891851
828 0.10051439999369904
830 0.09537479997379705
832 0.09733369998866692
834 0.09375920001184568
836 0.09495329996570945
838 0.09558110003126785
840 0.09519909997470677
842 0.09654980001505464
844 0.09784199995920062
846 0.10514890000922605
848 0.09516240004450083
850 0.09714100003475323
852 0.09858109999913722
854 0.09785859996918589
856 0.10472000000299886
858 0.09675080003216863
860 0.09805169998435304
862 0.11163150001084432
864 0.10163340001599863
866 0.10431919997790828
868 0.10015720000956208
870 0.10549490002449602
872 0.11005379998823628
874 0.10307660000398755
876 0.10357829998247325
878 0.10448169999290258
880 0.10529809998115525
882 0.11489110003458336
884 0.11714609997579828
886 0.11407300003338605
888 0.12595740001415834
890 0.12825549999251962
892 0.11829700000816956
894 0.11281710001640022
896 0.1122987000271678
898 0.10793930001091212
900 0.10979079996468499
902 0.10882699996000156
904 0.10866090003401041
906 0.11044879996916279
908 0.11380950000602752
910 0.11162969999713823
912 0.11188020004192367
914 0.11355440004263073
916 0.1135255999979563
918 0.11220490001142025
920 0.1120997000252828
922 0.12105640000663698
924 0.11705339996842667
926 0.13647670001955703
928 0.11792639998020604
930 0.12104440003167838
932 0.13013599999248981
934 0.12131670000962913
936 0.12126809998881072
938 0.11801480001304299
940 0.12743729999056086
942 0.11927110003307462
944 0.12211910000769421
946 0.12778859998797998
948 0.13450980000197887
950 0.1302995000150986
952 0.16509140003472567
954 0.12704270001268014
956 0.13730770000256598
958 0.13198309997096658
960 0.13878189999377355
962 0.14236690005054697
964 0.14174349996028468
966 0.1313431999878958
968 0.13057099998695776
970 0.13768540002638474
972 0.14631850004661828
974 0.13100829999893904
976 0.13692269998136908
978 0.14078279997920617
980 0.14284390001557767
982 0.15945550001924857
984 0.14863120001973584
986 0.1377028999850154
988 0.14906409999821335
990 0.14201820001471788
992 0.1386332999682054
994 0.1429002999793738
996 0.14620790001936257
998 0.14607780001824722
1000 0.13874870003201067
1002 0.1411970999906771
1004 0.16734420001739636
1006 0.14574850001372397
1008 0.1474076999584213
1010 0.15398619999177754
1012 0.15409780002664775
1014 0.1785336000029929
1016 0.16083290003007278
1018 0.14000790001591668
1020 0.14424789999611676
1022 0.14850790001219139
1024 0.14146390004316345
1026 0.14596090000122786
1028 0.14349159999983385
1030 0.14223620004486293
1032 0.14197340002283454
1034 0.14495280000846833
1036 0.1447947999695316
1038 0.1445048000314273
1040 0.1448369999998249
1042 0.14544360002037138
1044 0.1452090999810025
1046 0.14642669999739155
1048 0.14708490000339225
1050 0.14700430002994835
1052 0.1476138000143692
1054 0.15222419996280223
1056 0.14975179999601096
1058 0.15192939998814836
1060 0.16718849999597296
1062 0.15436579997185618
1064 0.15546149999136105
1066 0.15102119999937713
1068 0.15227139997296035
1070 0.15435329999309033
1072 0.15504199999850243
1074 0.16261220001615584
1076 0.16586579999420792
1078 0.1624994000303559
1080 0.16959489998407662
1082 0.17075649998150766
1084 0.16317630000412464
1086 0.17425350000848994
1088 0.1758200000040233
1090 0.1680348999798298
1092 0.16711969999596477
1094 0.16584689996670932
1096 0.16949010000098497
1098 0.1659541000262834
1100 0.177706099988427
1102 0.17715330002829432
1104 0.17592320003313944
1106 0.17144990002270788
1108 0.16802659997483715
1110 0.16887940000742674
1112 0.16617859998950735
1114 0.16525000002002344
1116 0.16454410000005737
1118 0.17452560004312545
1120 0.16692150000017136
1122 0.17259949998697266
1124 0.169897600018885
1126 0.17507779999868944
1128 0.1682444999460131
1130 0.16933469998184592
1132 0.16852649999782443
1134 0.1705396999605
1136 0.1847437000251375
1138 0.1749289000290446
1140 0.17123390000779182
1142 0.17811919999076054
1144 0.1768891999963671
1146 0.1793508999980986
1148 0.17901600000914186
1150 0.17708199995104223
1152 0.17574579996289685
1154 0.17903999995905906
1156 0.17996099998708814
1158 0.18482439999934286
1160 0.18362869997508824
1162 0.1840829000575468
1164 0.19522200000938028
1166 0.18416880001313984
1168 0.1822196000139229
1170 0.18324059998849407
1172 0.1866936999722384
1174 0.18701890000374988
1176 0.1856499999994412
1178 0.18872679997002706
1180 0.19671639997977763
1182 0.19291629997314885
1184 0.1920900999684818
1186 0.20827730000019073
1188 0.19289970002137125
1190 0.19679770001675934
1192 0.19013640005141497
1194 0.18989080004394054
1196 0.19277069997042418
1198 0.1925349000375718
1200 0.19909389998065308
1202 0.19591160002164543
1204 0.1930288000148721
1206 0.19945060001919046
1208 0.1975471999612637
1210 0.19708459998946637
1212 0.20124750002287328
1214 0.20724779996089637
1216 0.20605149999028072
1218 0.20562130003236234
1220 0.20580320002045482
1222 0.20350250002229586
1224 0.2040761000243947
1226 0.20561559998895973
1228 0.2041752000222914
1230 0.20910590002313256
1232 0.20653419999871403
1234 0.20387149997986853
1236 0.20540019997861236
1238 0.2080327000003308
1240 0.2068365999730304
1242 0.21662990003824234
1244 0.21396000002278015
1246 0.21348620002390817
1248 0.21294269995996729
1250 0.21359679999295622
1252 0.21487949998117983
1254 0.21782670001266524
1256 0.2503967999946326
1258 0.2205407999572344
1260 0.22777970001334324
1262 0.22331829997710884
1264 0.22328650002600625
1266 0.2250056000193581
1268 0.23234089999459684
1270 0.23128090001409873
1272 0.2270909000071697
1274 0.22333800001069903
1276 0.23514059995068237
1278 0.23264339996967465
1280 0.2263778000487946
1282 0.2356969999964349
1284 0.2391265999758616
1286 0.22984759998507798
1288 0.24626729998271912
1290 0.2360680000274442
1292 0.22971220000181347
1294 0.22538550000172108
1296 0.22765390004497021
1298 0.2465239000157453
1300 0.24868989997776225
1302 0.2763138000154868
1304 0.2355589999933727
1306 0.24028450000332668
1308 0.23688169999513775
1310 0.24759899999480695
1312 0.24427129997638986
1314 0.24019720003707334
1316 0.24243709997972474
1318 0.24283130001276731
1320 0.25096870004199445
1322 0.24262350000208244
1324 0.2643019999959506
1326 0.24042819999158382
1328 0.24489360000006855
1330 0.27518850000342354
1332 0.24638630001572892
1334 0.2587717000278644
1336 0.259284200030379
1338 0.25963889999547973
1340 0.27112400002079085
1342 0.2600373000022955
1344 0.271851500030607
1346 0.26784470002166927
1348 0.2575682000024244
1350 0.2573999000014737
1352 0.26439160003792495
1354 0.257537700003013
1356 0.2745646000257693
1358 0.2536013000062667
1360 0.2485101000056602
1362 0.25088579999282956
1364 0.24998350004898384
1366 0.25342010002350435
1368 0.2560083999997005
1370 0.26121689996216446
1372 0.2722780000185594
1374 0.26588249998167157
1376 0.259753999998793
1378 0.25989780004601926
1380 0.2610028000199236
1382 0.2686595999985002
1384 0.2808649999788031
1386 0.3030795000377111
1388 0.2629758999682963
1390 0.2616676000179723
1392 0.26102089998312294
1394 0.28077990002930164
1396 0.26602290000300854
1398 0.2701338999904692
1400 0.26549469999736175
1402 0.26587470003869385
1404 0.26412200002232566
1406 0.2679956000065431
1408 0.272929800034035
1410 0.26801260001957417
1412 0.26961680001113564
1414 0.27036779996706173
1416 0.27196669997647405
1418 0.2777905000257306
1420 0.27054180001141503
1422 0.27540959999896586
1424 0.2712813999969512
1426 0.27187450003111735
1428 0.27202069998020306
1430 0.2781142000458203
1432 0.27430319995619357
1434 0.2763437000103295
1436 0.29076360003091395
1438 0.2789434000151232
1440 0.28017719998024404
1442 0.2861549000372179
1444 0.2784127999912016
1446 0.2801200000103563
1448 0.28042879997519776
1450 0.28126840002369136
1452 0.28770499996608123
1454 0.2844050000421703
1456 0.2887669999618083
1458 0.2898204000084661
1460 0.29831579996971413
1462 0.3040946999681182
1464 0.29789059999166057
1466 0.2900622999877669
1468 0.2916849999455735
1470 0.2946247999789193
1472 0.29364310001255944
1474 0.2969086999655701
1476 0.29334939998807386
1478 0.2946349999983795
1480 0.294027800031472
1482 0.29967360000591725
1484 0.29654949996620417
1486 0.2953888999763876
1488 0.29718590003903955
1490 0.3039258999633603
1492 0.2997808000072837
1494 0.30056969996076077
1496 0.309415900032036
1498 0.3119390999781899
1500 0.308029199950397
1502 0.30583900003694
1504 0.3111684999894351
1506 0.31256150000263005
1508 0.3128473000251688
1510 0.3078349999850616
1512 0.3162220999947749
1514 0.3151759000029415
1516 0.3120626999880187
1518 0.3126371999969706
1520 0.3213314000167884
1522 0.3225692000123672
1524 0.3367553999996744
1526 0.3371270999778062
1528 0.32310230005532503
1530 0.3295415000175126
1532 0.32030299998587
1534 0.32495539996307343
1536 0.32411669997964054
1538 0.3198335000197403
1540 0.3296577000292018
1542 0.34515949996421114
1544 0.33905120001873
1546 0.3285744999884628
1548 0.33092979999491945
1550 0.3293554999982007
1552 0.3248060999903828
1554 0.32960619998630136
1556 0.32873260002816096
1558 0.3354008999885991
1560 0.33090689999517053
1562 0.3300776000251062
1564 0.32861979998415336
1566 0.33823280001524836
1568 0.33504390000598505
1570 0.3530806999769993
1572 0.34904280002228916
1574 0.33713619998889044
1576 0.3377787000499666
1578 0.33860889996867627
1580 0.33806880004704
1582 0.33744620002107695
1584 0.3409191000391729
1586 0.339593899960164
1588 0.3488638999988325
1590 0.34672329999739304
1592 0.3443402000120841
1594 0.3608718999894336
1596 0.3537963000126183
1598 0.3491482000099495
1600 0.3499774999800138
1602 0.3535441000130959
1604 0.3631848000222817
1606 0.35187320003751665
1608 0.3529989999951795
1610 0.3564811999676749
1612 0.35055669996654615
1614 0.35207780002383515
1616 0.3542972000432201
1618 0.3575596999726258
1620 0.35471360001247376
1622 0.356798599998001
1624 0.36051860003499314
1626 0.35895379999419674
1628 0.36098559998208657
1630 0.3594102000351995
1632 0.36622490000445396
1634 0.3706100999843329
1636 0.3725075999973342
1638 0.38278660003561527
1640 0.38079890003427863
1642 0.37681659997906536
1644 0.3895796000142582
1646 0.38428819994442165
1648 0.41713529999833554
1650 0.3849936999613419
1652 0.38959199999226257
1654 0.37938379996921867
1656 0.372545899997931
1658 0.3699831999838352
1660 0.3713550000102259
1662 0.3720610999735072
1664 0.37361629999941215
1666 0.3756290999590419
1668 0.3747563999495469
1670 0.3772478000028059
1672 0.3815006999648176
1674 0.3894589000265114
1676 0.38913879997562617
1678 0.38201120001031086
1680 0.37904769997112453
1682 0.38868090003961697
1684 0.390828599978704
1686 0.4049273999989964
1688 0.39467040001181886
1690 0.40594580001197755
1692 0.42803740000817925
1694 0.4145217000041157
1696 0.4153617999982089
1698 0.4206271999864839
1700 0.41119469999102876
1702 0.477725799952168
1704 0.4278913000016473
1706 0.42253740003798157
1708 0.3907743000308983
1710 0.3996896000462584
1712 0.4113474999903701
1714 0.40690950001589954
1716 0.4000978000112809
1718 0.4056815999792889
1720 0.4012510000029579
1722 0.3958221999928355
1724 0.40508569998200983
1726 0.40119249996496364
1728 0.3990699999849312
1730 0.4114951000083238
1732 0.42321629996877164
1734 0.41541369998594746
1736 0.4362154999980703
1738 0.43133160000434145
1740 0.4315093000186607
1742 0.42375700001139194
1744 0.42859870003303513
1746 0.4398566000163555
1748 0.4207931000273675
1750 0.42101749998982996
1752 0.41871230001561344
1754 0.42622269998537377
1756 0.429107700008899
1758 0.425075699982699
1760 0.4196836999617517
1762 0.4182886999915354
1764 0.41905789996962994
1766 0.4255715000326745
1768 0.42737380001926795
1770 0.42240009998204187
1772 0.436324100010097
1774 0.42667750001419336
1776 0.44384229998104274
1778 0.4387138999882154
1780 0.4446637000073679
1782 0.44838590000290424
1784 0.4414735999889672
1786 0.43715179996797815
1788 0.4513357999967411
1790 0.4468320000451058
1792 0.43553160002920777
1794 0.4378908999497071
1796 0.4404795999871567
1798 0.43277260003378615
1800 0.4441843000240624
1802 0.45778530003735796
1804 0.446045899996534
1806 0.4517879000050016
1808 0.4519737000227906
1810 0.4873684999765828
1812 0.4873934999923222
1814 0.4651333999936469
1816 0.5082653000135906
1818 0.4983075000345707
1820 0.48677009996026754
1822 0.46678509999765083
1824 0.48011280002538115
1826 0.48156779998680577
1828 0.4884726000018418
1830 0.4973910999833606
1832 0.45549699995899573
1834 0.4654928999952972
1836 0.46290089999092743
1838 0.46160159999271855
1840 0.4576600999571383
1842 0.4703985000378452
1844 0.4834615999716334
1846 0.46884919999865815
1848 0.47190059995045885
1850 0.4831734000472352
1852 0.4808989000157453
1854 0.5050022000214085
1856 0.503406600037124
1858 0.48917319998145103
1860 0.48752899997634813
1862 0.508547900011763
1864 0.5178865999914706
1866 0.4947529999772087
1868 0.47315909998724237
1870 0.46937120001530275
1872 0.47655660001328215
1874 0.5242558000027202
1876 0.5000010000076145
1878 0.5099192999769002
1880 0.4951903000473976
1882 0.5109161000000313
1884 0.5102845999645069
1886 0.5260457000113092
1888 0.5356821999885142
1890 0.5024154999991879
1892 0.5032323999912478
1894 0.494227499992121
1896 0.48420749994693324
1898 0.49159160000272095
1900 0.4877172000124119
1902 0.5049541000043973
1904 0.504404999956023
1906 0.4965213999967091
1908 0.4978850000188686
1910 0.5014715999714099
1912 0.49686080001993105
1914 0.5058287000283599
1916 0.4979993000160903
1918 0.5023979000397958
1920 0.5027715000323951
1922 0.503157300001476
1924 0.49925719999009743
1926 0.5120462999911979
1928 0.5087465000106022
1930 0.5101474999682978
1932 0.5044291000231169
1934 0.5111314000096172
1936 0.5082022999995388
1938 0.5146474000066519
1940 0.521746400045231
1942 0.5085371000459418
1944 0.5218733999645337
1946 0.5320976000512019
1948 0.561194300011266
1950 0.5540601999964565
1952 0.5308957000379451
1954 0.5668456999701448
1956 0.5490793999633752
1958 0.5434298000182025
1960 0.5350533000309952
1962 0.5320970000466332
1964 0.577506200002972
1966 0.548179000033997
1968 0.5644302999717183
1970 0.5626206999877468
1972 0.5763131999992765
1974 0.5785968999844044
1976 0.553958699980285
1978 0.5350684000295587
1980 0.5571709999931045
1982 0.5642739000031725
1984 0.5579093999695033
1986 0.5698983000474982
1988 0.5855775000527501
1990 0.5613703000126407
1992 0.5492552999639884
1994 0.5359857000294141
1996 0.5450645000091754
1998 0.538568900024984
2000 0.5460234000347555
