2 1.8200022168457508e-05
4 2.0299979951232672e-05
6 1.8700025975704193e-05
8 3.400002606213093e-05
10 4.9499969463795424e-05
12 5.440000677481294e-05
14 5.8699981309473515e-05
16 5.9399986639618874e-05
18 7.419998291879892e-05
20 0.0001545000122860074
22 9.410001803189516e-05
24 0.00015030003851279616
26 0.0001354999840259552
28 0.00024500000290572643
30 0.00016080000204965472
32 0.00018119998276233673
34 0.00021550001110881567
36 0.00024259998463094234
38 0.00030729995341971517
40 0.0003205999964848161
42 0.001042200019583106
44 0.00036880001425743103
46 0.00040660001104697585
48 0.0004246000316925347
50 0.0004002000205218792
52 0.00044680002611130476
54 0.0005464000278152525
56 0.0005676000146195292
58 0.0007310999790206552
60 0.000595899997279048
62 0.0006129000103101134
64 0.0006393999792635441
66 0.0006918000290170312
68 0.0008178999996744096
70 0.0008425000123679638
72 0.0009357999661006033
74 0.000941899954341352
76 0.001034499960951507
78 0.0010878999601118267
80 0.0011159999994561076
82 0.0012567000230774283
84 0.0012564000207930803
86 0.0012755999923683703
88 0.0013021000195294619
90 0.0013779000146314502
92 0.0016524000093340874
94 0.0015493000391870737
96 0.0015642999787814915
98 0.002356700017116964
100 0.002287500014062971
102 0.0019767999765463173
104 0.0020237999851815403
106 0.00205210002604872
108 0.0019530999707058072
110 0.0024907999904826283
112 0.0021921999868936837
114 0.00229939998826012
116 0.0028140999493189156
118 0.0023849999997764826
120 0.0024115999694913626
122 0.0026102999690920115
124 0.002613500051666051
126 0.003181800013408065
128 0.0035025000106543303
130 0.0030950999935157597
132 0.0031743000145070255
134 0.0033906999742612243
136 0.003144799964502454
138 0.003695199964568019
140 0.0037345000309869647
142 0.0037349999765865505
144 0.00401219999184832
146 0.004154999973252416
148 0.004028800001833588
150 0.0041179999825544655
152 0.004765400022733957
154 0.004975699994247407
156 0.004504200012888759
158 0.0044151999754831195
160 0.004758199967909604
162 0.004879100015386939
164 0.0049573999713175
166 0.004973199975211173
168 0.005026899976655841
170 0.005174499994609505
172 0.006156900024507195
174 0.00553240004228428
176 0.005784699984360486
178 0.005669499980285764
180 0.005843199964147061
182 0.006207300000824034
184 0.006566600000951439
186 0.006283900002017617
188 0.006343500048387796
190 0.007348300016019493
192 0.006584800023119897
194 0.006806199962738901
196 0.007599600008688867
198 0.010286599979735911
200 0.007172700017690659
202 0.007609799969941378
204 0.010606899973936379
206 0.014052300015464425
208 0.010623999987728894
210 0.016520600009243935
212 0.010595800005830824
214 0.008688600035384297
216 0.008756699971854687
218 0.009077600028831512
220 0.009028000000398606
222 0.010414000018499792
224 0.009810800023842603
226 0.009526000008918345
228 0.009845599997788668
230 0.009733099956065416
232 0.012104300025384873
234 0.011238700011745095
236 0.014109599986113608
238 0.010535000008530915
240 0.01060089998645708
242 0.011945699981879443
244 0.011092000000644475
246 0.012229599989950657
248 0.011451800004579127
250 0.01340850000269711
252 0.012754700030200183
254 0.012721900013275445
256 0.012446400010958314
258 0.01281879999442026
260 0.013032399991061538
262 0.012611300044227391
264 0.014041399990674108
266 0.018114599981345236
268 0.013240100000984967
270 0.013738000008743256
272 0.014833899971563369
274 0.014000699971802533
276 0.015433099993970245
278 0.014397500024642795
280 0.015295199991669506
282 0.01590220001526177
284 0.015631699992809445
286 0.01576130004832521
288 0.017103199963457882
290 0.016903100011404604
292 0.0187096000299789
294 0.02962289995048195
296 0.01794240000890568
298 0.016932400001678616
300 0.018551799992565066
302 0.01744450000114739
304 0.01775280002038926
306 0.019101299985777587
308 0.019353799987584352
310 0.018242300022393465
312 0.01969039998948574
314 0.01900919998297468
316 0.020590599975548685
318 0.021512400009669363
320 0.020070499973371625
322 0.02107740001520142
324 0.020794900017790496
326 0.020785100001376122
328 0.02123119996394962
330 0.020852699992246926
332 0.02374289999715984
334 0.022706399962771684
336 0.02133199997479096
338 0.021979200013447553
340 0.021873499965295196
342 0.02827050001360476
344 0.02343589998781681
346 0.022930200037080795
348 0.026409999991301447
350 0.025419100013095886
352 0.02479170000879094
354 0.02483299997402355
356 0.024309900007210672
358 0.02920699998503551
360 0.02644669997971505
362 0.02936699998099357
364 0.02559340000152588
366 0.02551319997292012
368 0.027878399996552616
370 0.027490399952512234
372 0.028642799996305257
374 0.027298000000882894
376 0.02664350002305582
378 0.0275207000086084
380 0.02834760001860559
382 0.029565999982878566
384 0.028575100004673004
386 0.028764899994712323
388 0.03038050001487136
390 0.02894610003568232
392 0.03294599999208003
394 0.030093900044448674
396 0.0328383999876678
398 0.034630099951755255
400 0.030658099974971265
402 0.03295359999174252
404 0.03213010000763461
406 0.03476909996243194
408 0.035348800010979176
410 0.04232070001307875
412 0.033006599987857044
414 0.03336620004847646
416 0.033579799986910075
418 0.042422099970281124
420 0.03434309997828677
422 0.03615970001555979
424 0.038968399981968105
426 0.03658200002973899
428 0.035320700029842556
430 0.03522169997449964
432 0.03580130002228543
434 0.03897809999762103
436 0.04200529999798164
438 0.03718679997837171
440 0.040587799972854555
442 0.039706200012005866
444 0.04096940002636984
446 0.03798150003422052
448 0.047791199991479516
450 0.04158459999598563
452 0.03951029997551814
454 0.04513889999361709
456 0.04049240000313148
458 0.05953039997257292
460 0.04166849999455735
462 0.04312540002865717
464 0.04956519999541342
466 0.04292350000469014
468 0.04602409998187795
470 0.04327629995532334
472 0.0444984000059776
474 0.04575049999402836
476 0.04695369995897636
478 0.045235600031446666
480 0.04483480000635609
482 0.04899499996099621
484 0.047246199974324554
486 0.04710629995679483
488 0.04624669998884201
490 0.04798339999979362
492 0.05525060003856197
494 0.04775020002853125
496 0.052070300036575645
498 0.050577000016346574
500 0.04879849997814745
502 0.05191270000068471
504 0.05238499998813495
506 0.05220470001222566
508 0.051833100034855306
510 0.057470500003546476
512 0.05342120002023876
514 0.05415079998783767
516 0.05158359999768436
518 0.052098500018473715
520 0.05289160000393167
522 0.05318909999914467
524 0.05309800000395626
526 0.05336039996473119
528 0.053956500021740794
530 0.056218900019302964
532 0.05500160000519827
534 0.055845299968495965
536 0.05946369998855516
538 0.06215049995807931
540 0.06125980004435405
542 0.05837240000255406
544 0.060338899958878756
546 0.06322740000905469
548 0.05775169999105856
550 0.058543500024825335
552 0.06099939998239279
554 0.059062400017865
556 0.06002749997423962
558 0.06187769997632131
560 0.06092690001241863
562 0.06067909998819232
564 0.06460370001150295
566 0.06273310002870858
568 0.06898310000542551
570 0.06528900004923344
572 0.06369580002501607
574 0.06531169998925179
576 0.0688670999952592
578 0.0653786999755539
580 0.0679727999959141
582 0.07248939998680726
584 0.06810030003543943
586 0.07040939998114482
588 0.07860720000462607
590 0.07541550003224984
592 0.07105979998596013
594 0.08356989995809272
596 0.07091710000531748
598 0.07003729999996722
600 0.07168140000430867
602 0.0720456000417471
604 0.07473619998199865
606 0.07337469997582957
608 0.07265990000450984
610 0.0801476999768056
612 0.08318429999053478
614 0.07335810002405196
616 0.07516210002359003
618 0.0796888999757357
620 0.08340760000282899
622 0.08459310000762343
624 0.08152190002147108
626 0.07833609997760504
628 0.0801464999676682
630 0.0824381000129506
632 0.08070719998795539
634 0.08574280003085732
636 0.0919133999850601
638 0.07853500003693625
640 0.08818959997734055
642 0.08481019997270778
644 0.08096329995896667
646 0.0970818999921903
648 0.08381209999788553
650 0.08723160001682118
652 0.08454840001650155
654 0.08615589997498319
656 0.09245210001245141
658 0.08617160003632307
660 0.10113579995231703
662 0.08710750000318512
664 0.10292109998408705
666 0.09135160001460463
668 0.09919320000335574
670 0.08795859996462241
672 0.09143630001926795
674 0.08944579999661073
676 0.0889609000296332
678 0.0936204000026919
680 0.09162319998722523
682 0.09089150000363588
684 0.09455169999273494
686 0.09244959999341518
688 0.09321339998859912
690 0.09738910000305623
692 0.09617350000189617
694 0.09464789996854961
696 0.10177629999816418
698 0.10657619999255985
700 0.10922909999499097
702 0.10038080002414063
704 0.10749340004986152
706 0.10605830000713468
708 0.114816699991934
710 0.10019250004552305
712 0.1067443999927491
714 0.10443130001658574
716 0.10063699999591336
718 0.10718079999787733
720 0.10599000001093373
722 0.10221550002461299
724 0.10895690001780167
726 0.10955249995458871
728 0.11711749999085441
730 0.10553260002052411
732 0.11824430001433939
734 0.1127505999756977
736 0.11523440002929419
738 0.11451609997311607
740 0.11113249999471009
742 0.11779500002739951
744 0.11543669999809936
746 0.11660599999595433
748 0.11016619997099042
750 0.11814670002786443
752 0.11178770003607497
754 0.11594109999714419
756 0.11434969998663291
758 0.11182669998379424
760 0.11285710002994165
762 0.11773469997569919
764 0.11614170001121238
766 0.11823509994428605
768 0.11715649999678135
770 0.11640719999559224
772 0.11622259998694062
774 0.11967470002127811
776 0.12039389996789396
778 0.11914200003957376
780 0.12703350000083447
782 0.11933760001556948
784 0.12235990003682673
786 0.1263471999554895
788 0.13080230000196025
790 0.12437360000330955
792 0.12591050000628456
794 0.12631219998002052
796 0.12723640003241599
798 0.12878649996127933
800 0.1265588999958709
802 0.13104020000901073
804 0.13088449998758733
806 0.12852739996742457
808 0.1276419999776408
810 0.13527510000858456
812 0.1312175000202842
814 0.13114519999362528
816 0.13624119997257367
818 0.13068540004314855
820 0.1362063999986276
822 0.1363190999836661
824 0.13430979999247938
826 0.14016770001035184
828 0.1393534000380896
830 0.13607649999903515
832 0.1354107999941334
834 0.14862839999841526
836 0.13733830000273883
838 0.13596189999952912
840 0.14247860002797097
842 0.14014560001669452
844 0.13947540003573522
846 0.14624249999178573
848 0.1411878999788314
850 0.14291850000154227
852 0.14581170002929866
854 0.14526929997373372
856 0.14188290003221482
858 0.1472401000210084
860 0.14343619998544455
862 0.14747150003677234
864 0.14716469997074455
866 0.14891690004151314
868 0.14722640003310516
870 0.15392379998229444
872 0.15160479996120557
874 0.15730169997550547
876 0.15065630001481622
878 0.15813440002966672
880 0.15071449999231845
882 0.15434269997058436
884 0.15425550000509247
886 0.15651990001788363
888 0.15555970004061237
890 0.16068859997903928
892 0.15684949996648356
894 0.16370430000824854
896 0.16434389998903498
898 0.161107899970375
900 0.15884739998728037
902 0.16248980001546443
904 0.16007290000561625
906 0.1691092000110075
908 0.16226479999022558
910 0.1654524999903515
912 0.16126740002073348
914 0.16649880004115403
916 0.1661918999743648
918 0.19371729996055365
920 0.18209039996145293
922 0.17393799999263138
924 0.16948789998423308
926 0.17017040000064299
928 0.1814868999645114
930 0.18134990002727136
932 0.17735870002070442
934 0.18180899997241795
936 0.19084019999718294
938 0.1759464999777265
940 0.18321549997199327
942 0.1871283000218682
944 0.18837099999655038
946 0.19060189998708665
948 0.21227560000261292
950 0.18540880002547055
952 0.18266719998791814
954 0.1993996999808587
956 0.18515859998296946
958 0.18711239995900542
960 0.18872740003280342
962 0.19877449999330565
964 0.19101559999398887
966 0.18567179999081418
968 0.1839073000010103
970 0.1903374000103213
972 0.18234569998458028
974 0.1899764999980107
976 0.18705849995603785
978 0.1915762000135146
980 0.19043350004358217
982 0.19616360001964495
984 0.19099049997748807
986 0.19501889997627586
988 0.19283050001831725
990 0.19805149995954707
992 0.19499450002331287
994 0.19527570001082495
996 0.19581250002374873
998 0.20127909997245297
1000 0.1972591999801807
1002 0.2006499000126496
1004 0.19817609997699037
1006 0.2103612000355497
1008 0.20325730001786724
1010 0.20920940005453303
1012 0.21256969997193664
1014 0.2083695000037551
1016 0.20230209996225312
1018 0.21054559998447075
1020 0.20325980003690347
1022 0.21158709999872372
1024 0.20513560000108555
1026 0.20974989997921512
1028 0.20892970002023503
1030 0.21570449997670949
1032 0.21539650001795962
1034 0.21728090004762635
1036 0.21308060002047569
1038 0.2144251000136137
1040 0.21532590000424534
1042 0.23054790002061054
1044 0.21522440004628152
1046 0.22486529999878258
1048 0.2265389000531286
1050 0.22561150003457442
1052 0.22646039997925982
1054 0.23269570001866668
1056 0.2326953000156209
1058 0.22834259999217466
1060 0.22866929997690022
1062 0.23081310000270605
1064 0.2350900000310503
1066 0.2466176999732852
1068 0.22850530000869185
1070 0.2434773999848403
1072 0.23716319998493418
1074 0.26038619998143986
1076 0.23969519999809563
1078 0.2664785999804735
1080 0.2436079999897629
1082 0.24514080001972616
1084 0.23590969998622313
1086 0.23368459998164326
1088 0.23427140002604574
1090 0.24617910000961274
1092 0.2341943000210449
1094 0.23720649996539578
1096 0.2387917999876663
1098 0.24045480001950637
1100 0.23663180001312867
1102 0.24647539999568835
1104 0.2457107999944128
1106 0.24639569997088984
1108 0.2435080999857746
1110 0.2483557999948971
1112 0.24431019998155534
1114 0.25241950002964586
1116 0.24937360000330955
1118 0.2529080000240356
1120 0.2474369999836199
1122 0.25380330003099516
1124 0.24947929999325424
1126 0.2529357000021264
1128 0.2541847999673337
1130 0.2567733000032604
1132 0.2576796000357717
1134 0.2562247000169009
1136 0.25788479996845126
1138 0.25906100001884624
1140 0.2556520999642089
1142 0.2592323999851942
1144 0.259313500020653
1146 0.26462139998329803
1148 0.2573551000095904
1150 0.27268230001209304
1152 0.2766888000187464
1154 0.26804459997219965
1156 0.26268500002333894
1158 0.2724570999853313
1160 0.26597359997686
1162 0.27324000000953674
1164 0.2679527000291273
1166 0.27314549998845905
1168 0.27233519998844713
1170 0.275765499973204
1172 0.27081310003995895
1174 0.2745499999728054
1176 0.2719689999939874
1178 0.2771978999953717
1180 0.2768872000160627
1182 0.280388800019864
1184 0.27385990001494065
1186 0.28194559999974445
1188 0.27725320000899956
1190 0.2802852999884635
1192 0.2822254999773577
1194 0.28472539997892454
1196 0.2843989999964833
1198 0.2889703999971971
1200 0.2843725999700837
1202 0.3018391000223346
1204 0.28378759999759495
1206 0.2898552999831736
1208 0.2919877999811433
1210 0.29135760001372546
1212 0.28866500000003725
1214 0.2930680999998003
1216 0.29716399998869747
1218 0.3497404999798164
1220 0.3526582000195049
1222 0.33795650000683963
1224 0.313092400028836
1226 0.30674459994770586
1228 0.3004406000254676
1230 0.304965200019069
1232 0.2965418999665417
1234 0.3062196000246331
1236 0.3131790999905206
1238 0.31920690002152696
1240 0.3037790000089444
1242 0.30923709995113313
1244 0.32392440002877265
1246 0.3063055999809876
1248 0.3160083999973722
1250 0.3155166999786161
1252 0.307290600030683
1254 0.3157495000050403
1256 0.32538900000508875
1258 0.3181518000201322
1260 0.3134738000226207
1262 0.3226645000395365
1264 0.3143700999789871
1266 0.32349790004082024
1268 0.31627049995586276
1270 0.3236571000306867
1272 0.3224699000129476
1274 0.32793089997721836
1276 0.3315005999756977
1278 0.3333425000309944
1280 0.3228860999806784
1282 0.32959979999577627
1284 0.3269513999694027
1286 0.335176499967929
1288 0.3277477999799885
1290 0.34306719998130575
1292 0.33132339996518567
1294 0.3355407000053674
1296 0.3300778000266291
1298 0.3511637000483461
1300 0.3385160999605432
1302 0.3483803000417538
1304 0.3486485999892466
1306 0.34855439997045323
1308 0.3412386000272818
1310 0.35008709999965504
1312 0.34122479998040944
1314 0.3462151000276208
1316 0.34949150000466034
1318 0.3512093999888748
1320 0.344221799983643
1322 0.3514217999763787
1324 0.3461058000102639
1326 0.35832170001231134
1328 0.3554881000309251
1330 0.3541721999645233
1332 0.35787800000980496
1334 0.3664029000210576
1336 0.3541111000231467
1338 0.36330819997237995
1340 0.3590880000265315
1342 0.3661255000042729
1344 0.3581988000078127
1346 0.36323040002025664
1348 0.3610660000122152
1350 0.3661852999939583
1352 0.36183360003633425
1354 0.37304529995890334
1356 0.3616137999924831
1358 0.3768080999725498
1360 0.36996659997384995
1362 0.3736255999538116
1364 0.3661003999877721
1366 0.38651059998665005
1368 0.3701197999762371
1370 0.3890842000255361
1372 0.37123250000877306
1374 0.3878095999825746
1376 0.3689882000326179
1378 0.3918464999878779
1380 0.3798991999938153
1382 0.38234579999698326
1384 0.3862473000190221
1386 0.41118049999931827
1388 0.4024249999783933
1390 0.3944193000206724
1392 0.38525900000240654
1394 0.4143972999881953
1396 0.41582070000004023
1398 0.40946330002043396
1400 0.40922829997725785
1402 0.4303786000236869
1404 0.4100087999831885
1406 0.4188187000108883
1408 0.4035662999958731
1410 0.40433359995950013
1412 0.3980959000182338
1414 0.4122625999734737
1416 0.39419449999695644
1418 0.405458599969279
1420 0.39581259997794405
1422 0.4084121999912895
1424 0.39931270002853125
1426 0.40847570000914857
1428 0.4031352000311017
1430 0.40995820000534877
1432 0.40875770000275224
1434 0.4154738999786787
1436 0.4244757000124082
1438 0.41633490001549944
1440 0.4185705999843776
1442 0.44175900000846013
1444 0.42761309997877106
1446 0.4371553999953903
1448 0.44757550000213087
1450 0.4665124000166543
1452 0.44183219998376444
1454 0.44461139995837584
1456 0.44567390001611784
1458 0.4874561000033282
1460 0.4482952999533154
1462 0.4597611000062898
1464 0.4317773000220768
1466 0.43061500001931563
1468 0.43629759998293594
1470 0.435081799980253
1472 0.4356468999758363
1474 0.43739140004618093
1476 0.43855920003261417
1478 0.4369837999693118
1480 0.43490019999444485
1482 0.45608830003766343
1484 0.43949269998120144
1486 0.44790230004582554
1488 0.4394202000112273
1490 0.44961090001743287
1492 0.4375789999612607
1494 0.44870070001343265
1496 0.4431672999635339
1498 0.45142500003566965
1500 0.4474374999990687
1502 0.4635899999993853
1504 0.46634369995445013
1506 0.45426129997940734
1508 0.44983709999360144
1510 0.4527459000237286
1512 0.4600009999703616
1514 0.46023610001429915
1516 0.4658525999984704
1518 0.4624337000423111
1520 0.4604962999583222
1522 0.48057060001883656
1524 0.46764480002457276
1526 0.47501649998594075
1528 0.4743970999843441
1530 0.5085580000304617
1532 0.5031753999646753
1534 0.5076229000114836
1536 0.5116569999954663
1538 0.4959650000091642
1540 0.4824195000110194
1542 0.5195028000161983
1544 0.5028342999867164
1546 0.5192410000017844
1548 0.4843030000338331
1550 0.5265984999714419
1552 0.5479484000243247
1554 0.512963299988769
1556 0.5116940999869257
1558 0.4988481000182219
1560 0.506880100001581
1562 0.5058060000301339
1564 0.49565609998535365
1566 0.504758299968671
1568 0.4873679999727756
1570 0.507634199981112
1572 0.565261300012935
1574 0.5288946999935433
1576 0.5192625000490807
1578 0.522120299981907
1580 0.5241094000521116
1582 0.5429335000226274
1584 0.5282869999646209
1586 0.5131995999836363
1588 0.516104299982544
1590 0.5440718000172637
1592 0.5475967999664135
1594 0.5438244999968447
1596 0.5170363999786787
1598 0.5434634999837726
1600 0.5499625999946147
1602 0.5365804000175558
1604 0.5113198999897577
1606 0.5190214000176638
1608 0.5085239000036381
1610 0.5204355000169016
1612 0.5066478999797255
1614 0.5217386999865994
1616 0.5147125000366941
1618 0.5401399999973364
1620 0.5228349000099115
1622 0.5354930000030436
1624 0.5316991999861784
1626 0.5455398000194691
1628 0.5309983000042848
1630 0.5250514000072144
1632 0.5495606000185944
1634 0.5331731999758631
1636 0.5479728999780491
1638 0.5454303000005893
1640 0.540096300013829
1642 0.5369761000038125
1644 0.5524374000378884
1646 0.5321556000271812
1648 0.5834647000301629
1650 0.5704179999884218
1652 0.5733509999699891
1654 0.5711113999714144
1656 0.5753979999572039
1658 0.5588571999687701
1660 0.5975389999803156
1662 0.5452827000408433
1664 0.5507978000096045
1666 0.5494869999820367
1668 0.5484568999963813
1670 0.5604770999634638
1672 0.5505062000011094
1674 0.5670778000494465
1676 0.5586079999920912
1678 0.557326500013005
1680 0.5552668999880552
1682 0.5475566000095569
1684 0.5676281999913044
1686 0.5514161000028253
1688 0.5849043999915011
1690 0.5804636999964714
1692 0.5647766999900341
1694 0.6017893999814987
1696 0.6348775999504142
1698 0.601382199965883
1700 0.6002914999844506
1702 0.604949000000488
1704 0.5982960000401363
1706 0.5754095999873243
1708 0.5920534000033513
1710 0.5722459999960847
1712 0.5914164000423625
1714 0.5741269999998622
1716 0.5926859999890439
1718 0.572782700008247
1720 0.5929365000338294
1722 0.5827696999767795
1724 0.5907403000164777
1726 0.5847222000011243
1728 0.5924002999672666
1730 0.5772323000128381
1732 0.603685799986124
1734 0.5919839999987744
1736 0.5948491999879479
1738 0.5884602000005543
1740 0.6082236000220291
1742 0.5878867999999784
1744 0.599004799965769
1746 0.5927016999921761
1748 0.6470842999988236
1750 0.5971066000056453
1752 0.6056578000425361
1754 0.592169500014279
1756 0.6095784000353888
1758 0.6077275000279769
1760 0.607298000017181
1762 0.5977660000207834
1764 0.610960400023032
1766 0.6095606999588199
1768 0.6199412000132725
1770 0.611684100003913
1772 0.6220748000196181
1774 0.6167406999738887
1776 0.6388948999810964
1778 0.6198611000436358
1780 0.6369987000362016
1782 0.6295117000117898
1784 0.6264615000109188
1786 0.6294968000147492
1788 0.6387376000056975
1790 0.6348023000173271
1792 0.6360698000062257
1794 0.6319701999891549
1796 0.6604507000301965
1798 0.6326662999927066
1800 0.6461811999906786
1802 0.6417404000530951
1804 0.659331500006374
1806 0.6489923000335693
1808 0.6522370000020601
1810 0.6447717000264674
1812 0.6697947999928147
1814 0.6501291999593377
1816 0.6751488000154495
1818 0.6436821999959648
1820 0.6625010999850929
1822 0.6662346000084653
1824 0.6637738000135869
1826 0.6543663000338711
1828 0.672429199970793
1830 0.6617074999958277
1832 0.6705091000185348
1834 0.6668831999995746
1836 0.6978209000080824
1838 0.6614880000124685
1840 0.7017247000476345
1842 0.6750436999718659
1844 0.6935258000157773
1846 0.6727021000115201
1848 0.6812531999894418
1850 0.6767504999879748
1852 0.6916216000099666
1854 0.6956584000145085
1856 0.7221947999787517
1858 0.7328289999859408
1860 0.715913099993486
1862 0.7182621999527328
1864 0.7506432999507524
1866 0.7062041999888606
1868 0.7039913000189699
1870 0.6924128999817185
1872 0.7071014999528416
1874 0.7205275000305846
1876 0.7262584999552928
1878 0.6942596000153571
1880 0.7129293000325561
1882 0.7015355000039563
1884 0.7195542000117712
1886 0.7107909999904223
1888 0.725970400031656
1890 0.7366962999803945
1892 0.7652101999847218
1894 0.7389521999866702
1896 0.7896519000059925
1898 0.729248599964194
1900 0.726505599974189
1902 0.7358728999970481
1904 0.7403131000464782
1906 0.7241661000298336
1908 0.7316788000171073
1910 0.7143742000334896
1912 0.726136899960693
1914 0.7254864999558777
1916 0.7160299000097439
1918 0.7452698000124656
1920 0.7312214999692515
1922 0.7814906000276096
1924 0.7421828000224195
1926 0.7282436999958009
1928 0.7263352000154555
1930 0.7748210999998264
1932 0.7562824999913573
1934 0.7588919999543577
1936 0.734991799981799
1938 0.7679140000254847
1940 0.7790398999932222
1942 0.803513600025326
1944 0.7864899000269361
1946 0.8109007999883033
1948 0.7916447999887168
1950 0.7778373999753967
1952 0.7802610999788158
1954 0.8215826999512501
1956 0.8117000000202097
1958 0.8073627999983728
1960 0.7917590999859385
1962 0.7463951000245288
1964 0.8136846999987029
1966 0.8018644999829121
1968 0.8321502999751829
1970 0.8024617999908514
1972 0.8051427999744192
1974 0.7897723999922164
1976 0.7999697999912314
1978 0.8219687000382692
1980 0.8035625000484288
1982 0.8219828000292182
1984 0.7771147000021301
1986 0.7643201999599114
1988 0.7820636000251397
1990 0.769171699997969
1992 0.7890071999863721
1994 0.7663916000165045
1996 0.7811744000064209
1998 0.7827983999741264
2000 0.7813520999625325
